# VeFont by gneval9 Software
# 05-10-2025

{
"A":[ ((-3,1),(0,-4)), ((0,-4),(3,1)), ((3,1),(-1,-2)) ],
"B":[ ((-1,1),(-1,-4)), ((-1,-4),(2,-3)), ((2,-3),(0,-2)), ((0,-2),(2,0)), ((2,0),(-1,1)) ],
"C":[ ((2,1),(-2,0)), ((-2,0),(-2,-3)), ((-2,-3),(2,-4)) ],
"D":[ ((-1,1),(-1,-4)), ((-1,-4),(2,-3)), ((2,-3),(2,0)), ((2,0),(-1,1)) ],
"E":[ ((-1,1),(-1,-4)), ((-1,-4),(2,-4)), ((-1,-2),(2,-2)), ((-1,1),(2,1)) ],
"F":[ ((-1,1),(-1,-4)), ((-1,-4),(2,-4)), ((-1,-2),(1,-2)) ],
"G":[ ((0,-1),(2,-1)), ((2,-1),(1,1)), ((1,1),(-1,1)), ((-1,1),(-2,-1)),((-2,-1),(-2,-3)),((-2,-3),(-1,-4)), ((-1,-4),(2,-4)) ],
"H":[ ((-2,1),(-2,-4)), ((2,1),(2,-4)), ((-2,-2),(2,-2)) ],
"I":[ ((0,1),(0,-4)), ((-2,1),(2,1)), ((-2,-4),(2,-4)) ],
"J":[ ((-2,-1),(-1,1)), ((-1,1),(1,1)), ((1,1),(1,-4)), ((-1,-4),(3,-4)) ],
"K":[ ((-1,1),(-1,-4)), ((-1,-2),(3,1)), ((-1,-2),(3,-4)) ],
"L":[ ((-1,-4),(-1,1)), ((-1,1),(2,1)) ],
"M":[ ((-2,1),(-2,-4)), ((-2,-4),(0,-2)), ((0,-2),(2,-4)), ((2,-4),(2,1)) ],
"N":[ ((-2,1),(-2,-4)), ((-2,-4),(2,1)), ((2,1),(2,-4)) ],
"Ñ":[ ((-2,1),(-2,-3)), ((-2,-3),(2,1)), ((2,1),(2,-3)), ((-1,-4),(0,-5)), ((0,-5),(1,-4)), ((1,-4),(2,-5)) ],
"O":[ ((-1,1),(-2,-2)), ((-2,-2),(-1,-4)), ((-1,-4),(2,-4)), ((2,-4),(3,-2)), ((3,-2),(2,1)), ((2,1),(-1,1)) ],
"P":[ ((-1,1),(-1,-4)), ((-1,-4),(3,-4)), ((3,-4),(2,-2)), ((2,-2),(-1,-2)) ],
"Q":[ ((-1,1),(-2,-2)), ((-2,-2),(-1,-4)), ((-1,-4),(2,-4)), ((2,-4),(3,-2)), ((3,-2),(2,1)), ((2,1),(-1,1)), ((1,0),(3,2)) ],
"R":[ ((-1,1),(-1,-4)), ((-1,-4),(3,-4)), ((3,-4),(2,-2)), ((2,-2),(-1,-2)), ((-1,-2),(3,1)) ],
"S":[ ((-1,1),(2,-2)), ((2,-2),(-1,-3)), ((-1,-3),(3,-4)) ],
"T":[ ((0,1),(0,-4)), ((-2,-4),(2,-4)) ],
"U":[ ((-2,-4),(-2,0)), ((-2,0),(-1,1)), ((-1,1),(1,1)), ((1,1),(2,0)), ((2,0),(2,-4)) ],
"V":[ ((-2,-4),(0,1)), ((0,1),(2,-4)) ],
"W":[ ((-2,-4), (-1,1)), ((-1,1),(0,-3)), ((0,-3),(1,1)), ((1,1),(2,-4)) ],
"X":[ ((-2,1),(2,-4)), ((-2,-4),(2,1)) ],
"Y":[ ((0,1),(0,-2)), ((-2,-4),(0,-2)), ((0,-2),(2,-4)) ],
"Z":[ ((2,1),(-2,1)), ((-2,1),(2,-4)), ((2,-4),(-2,-4)) ],

"a":[ ((1,0),(0,1)), ((0,1),(-1,1)), ((-1,1),(-2,0)), ((-2,0),(-1,-1)), ((-1,-1),(0,-1)), ((0,-1), (1,0)), ((1,0),(2,1)) ],
"b":[ ((-1,-1),(0,-1)), ((0,-1),(1,0)), ((1,0),(0,1)), ((0,1),(-1,1)), ((-1,1),(-1,-4)) ],
"c":[ ((1,1),(0,1)), ((0,1),(-1,0)), ((-1,0), (0,-1)), ((0,-1),(1,-1)) ],
"d":[ ((1,-1),(0,-1)), ((0,-1),(-1,0)), ((-1,0),(0,1)), ((0,1),(1,1)), ((1,1),(1,-4)) ],
"e":[ ((1,1),(0,1)), ((0,1),(-1,0)), ((-1,0), (0,-1)), ((0,-1),(1,0)), ((1,0), (0,0)) ],
"f":[ ((-1,1),(-1,-3)), ((-1,-3), (0,-4)), ((0,-4), (1,-4)), ((-1,-2),(0,-2)) ],
"g":[ ((1,0), (0,1)), ((0,1),(-1,1)), ((-1,1),(-2,0)), ((-2,0),(-1,-1)), ((-1,-1),(0,-1)), ((0,-1),(1,0)), ((1,0), (1,3)), ((1,3),(0,4)), ((0,4),(-1,4)), ((-1,4),(-2,3)) ],
"h":[ ((-1,1), (-1,-4)), ((-1,-1),(0,-1)), ((0,-1),(1,1)) ],
"i":[ ((0,-1),(0,1)) ],
"j":[ ((0,-1),(0,4)), ((0,4),(-1,3)) ],
"k":[ ((-1,1),(-1,-4)), ((-1,-1),(1,1)), ((-1,-1),(1,-2)) ],
"l":[ ((0,1),(0,-4)) ],
"m":[ ((-1,1),(-1,-1)), ((-1,-1),(1,-1)), ((1,-1),(1,1)), ((0,-1),(0,0)) ],
"n":[ ((-1,1),(-1,-1)), ((-1,-1),(1,-1)), ((1,-1),(1,1)) ],
"ñ":[ ((-1,1),(-1,-1)), ((-1,-1),(1,-1)), ((1,-1),(1,1)), ((-1,-2),(1,-2)) ],
"o":[ ((1,0),(0,1)), ((0,1),(-1,1)), ((-1,1),(-2,0)), ((-2,0),(-1,-1)), ((-1,-1),(0,-1)), ((0,-1), (1,0)) ],
"p":[ ((1,0),(0,1)), ((0,1),(-2,1)), ((-2,1),(-2,0)), ((-2,0),(-1,-1)), ((-1,-1),(0,-1)), ((0,-1),(1,0)), ((-2,1),(-2,5)) ],
"q":[ ((-1,0),(0,1)), ((0,1),(2,1)), ((2,1),(2,0)), ((2,0),(1,-1)), ((1,-1),(0,-1)), ((0,-1),(-1,0)), ((2,1),(2,5)), ((1,3),(3,3)) ],
"r":[ ((-1,1),(-1,-1)), ((-1,0),(1,-1)) ],
"s":[ ((-1,1),(1,0)), ((1,0),(-1,0)), ((-1,0),(1,-1)) ],
"t":[ ((1,1),(0,0)), ((0,0),(0,-4)), ((-1,-3),(1,-3)) ],
"u":[ ((-1,-1),(-1,1)), ((-1,1),(1,1)), ((1,1),(1,-1)) ],
"v":[ ((-1,-1),(0,1)), ((0,1),(1,-1)) ],
"w":[ ((-2,-1),(-1,1)), ((-1,1),(0,-1)), ((0,-1),(1,1)), ((1,1),(2,-1)) ],
"x":[ ((-1,-1),(1,1)), ((-1,1), (1,-1)) ],
"y":[ ((0,-1),(0,1)), ((0,1),(-1,4)), ((0,1),(-2,-1)) ],
"z":[ ((-1,-1),(1,-1)), ((1,-1),(-1,1)), ((-1,1),(1,1)) ],

"1":[ ((0,1),(0,-4)), ((0,-4),(-1,-2)), ((-1,1),(1,1)) ],
"2":[ ((2,1),(-2,1)), ((-2,1),(2,-3)), ((2,-3),(1,-4)), ((1,-4),(-1,-4)), ((-1,-4),(-2,-3)) ],
"3":[ ((-1,1),(1,1)), ((1,1),(2,-1)), ((2,-1),(1,-2)), ((1,-2),(2,-3)), ((2,-3),(1,-4)), ((1,-4),(-1,-4)), ((1,-2),(0,-2)) ],
"4":[ ((2,1),(2,-4)), ((2,-2),(-1,-2)), ((-1,-2),(-2,-4)) ],
"5":[ ((-2,1),(2,0)), ((2,0),(2,-1)), ((2,-1), (1,-2)), ((1,-2),(-2,-2)), ((-2,-2),(-2,-4)), ((-2,-4),(2,-4)) ],
"6":[ ((0,-1),(2,0)), ((2,0),(1,1)), ((1,1),(-1,1)), ((-1,1),(-2,-2)), ((-2,-2),(-1,-3)), ((-1,-3),(2,-4)) ],
"7":[ ((-1,1),(0,-2)), ((0,-2),(2,-4)), ((2,-4),(-2,-4)) ],
"8":[ ((-1,1),(-2,-1)), ((-2,-1),(-1,-2)), ((-1,-2),(-2,-3)), ((-2,-3),(-1,-4)), ((-1,-4),(1,-4)), ((1,-4),(2,-3)), ((2,-3),(1,-2)), ((1,-2),(2,-1)), ((2,-1),(1,1)), ((1,1),(-1,1)), ((-1,-2),(1,-2)) ],
"9":[ ((-2,1),(1,0)), ((1,0),(2,-3)), ((2,-3),(1,-4)), ((1,-4),(-1,-4)), ((-1,-4),(-2,-3)), ((-2,-3),(-1,-2)), ((-1,-2),(1,-2)), ((1,-2),(2, -3)) ],
"0":[ ((-1,1),(-2,-2)), ((-2,-2),(-1,-4)),((-1,-4),(1,-4)), ((1,-4),(2,-2)), ((2,-2),(1,1)), ((1,1),(-1,1)), ((-1,1),(1,-4)) ],

",":[ ((0,0),(-1,3)) ],
".":[ ((0,1),(-1,1)), ((-1,1),(-1,0)), ((-1,0),(0,0)), ((0,0),(0,1)) ],
"-":[ ((-2,-2),(2,-2)) ],
"¿":[ ((2,0),(1,1)), ((1,1),(-1,1)), ((-1,1),(-2,0)), ((-2,0),(0,-1)), ((0,-1),(0,-3)), ((0,-4),(-1,-4)), ((-1,-4),(-1,-5)), ((-1,-5), (0,-5)), ((0,-5), (0,-4)) ],
"?":[ ((0,0), (0,-2)), ((0,-2),(2,-3)), ((2,-3),(1,-4)), ((1,-4),(-1,-4)), ((-1,-4),(-2,-3)), ((0,1), (1,1)), ((1,1),(1,2)), ((1,2),(0,2)), ((0,2),(0,1)) ],
"¡":[ ((1,1),(-1,1)), ((-1,1),(0,-3)), ((0,-3),(1,1)), ((0,-4), (-1,-4)), ((-1,-4),(-1,-5)), ((-1,-5),(0,-5)), ((0,-5),(0,-4)) ],
"!":[ ((0,0),(-1,-4)), ((-1,-4),(1,-4)), ((1,-4),(0,0)), ((0,1),(1,1)), ((1,1),(1,2)), ((1,2),(0,2)), ((0,2),(0,1)) ],
"(":[ ((1,1),(0,0)), ((0,0),(0,-4)), ((0,-4),(1,-5)) ],
")":[ ((-1,1),(0,0)), ((0,0),(0,-4)), ((0,-4),(-1,-5)) ],
":":[ ((0,1),(-1,1)), ((-1,1),(-1,0)), ((-1,0),(0,0)), ((0,0),(0,1)), ((0,-3),(-1,-3)), ((-1,-3),(-1,-2)), ((-1,-2),(0,-2)), ((0,-2),(0,-3)) ],
"_":[ ((-3,2),(2,2)) ]


}
